41
11
20
26
30
47
3
6
7
46
48
17
48
33
9
39
36
26
11
19
6
24
16
46
8
26
9
48
32
15
50
45
20
3
35
23
46
21
7
21
28
45
37
32
1
39
38
5
30
24
37
38
7
45
45
30
9
3
11
27
49
19
43
11
42
21
47
9
25
24
7
34
40
33
15
20
4
8
38
37
32
1
15
35
35
21
22
12
8
10
41
18
2
9
42
47
44
5
28
42
36
20
3
42
9
11
23
40
44
32
36
47
46
30
23
9
34
47
49
16
26
48
5
3
38
23
27
29
14
34
2
25
6
18
43
18
29
32
1
32
32
39
26
7
44
30
33
1
37
35
19
25
9
17
19
26
27
20
3
5
5
12
39
7
14
6
22
7
21
23
9
42
1
8
6
33
38
46
7
23
36
5
44
16
45
14
34
10
36
4
36
15
23
46
14
49
11
20
4
29
7
42
27
29
33
35
11
47
19
6
8
12
3
45
10
43
26
18
42
1
49
14
35
35
13
18
35
16
42
20
42
21
48
4
44
46
1
6
39
42
14
21
1
26
43
28
47
30
35
23
5
15
22
42
16
27
5
13
6
12
17
34
46
10
39
12
39
2
32
1
48
43
14
36
49
21
49
35
30
47
23
14
49
9
31
9
32
21
33
41
40
3
25
37
11
41
42
22
33
21
48
38
22
15
45
2
50
9
7
18
9
50
6
9
48
18
24
50
38
1
7
45
15
23
5
26
28
22
7
19
42
28
44
23
29
29
19
22
21
49
36
20
4
4
34
23
31
18
32
32
25
23
26
50
26
30
46
8
37
32
48
28
45
17
15
33
35
3
9
11
43
27
37
47
45
25
5
34
38
5
47
15
26
23
16
33
16
14
2
35
24
36
40
39
2
20
6
31
50
25
36
1
37
7
8
16
33
1
3
48
20
39
35
48
36
14
7
27
27
21
42
42
26
18
13
8
42
35
15
14
9
47
12
8
1
49
30
44
29
10
16
10
31
31
11
47
28
37
46
40
42
46
41
39
15
50
24
13
44
35
44
27
38
17
15
17
10
3
46
34
36
19
47
14
36
14
22
27
8
40
41
1
2
42
42
35
10
2
22
35
46
12
31
38
10
2
49
28
22
22
35
8
41
20
6
20
41
13
33
17
6
35
2
19
23
42
48
39
32
46
2
19
42
9
29
14
11
9
19
35
2
20
11
13
23
5
42
45
18
3
35
45
32
41
23
47
47
30
3
21
43
1
32
23
48
9
24
45
31
30
36
1
49
8
23
21
8
3
21
25
8
13
19
30
39
31
1
16
37
17
45
23
33
13
49
34
42
13
3
9
36
38
47
1
9
32
10
14
50
22
4
23
5
17
9
41
34
39
6
25
19
49
18
6
39
41
48
9
14
14
20
17
36
35
13
1
45
34
50
5
25
24
41
46
43
27
43
9
18
36
45
48
16
45
37
37
13
45
45
24
27
42
10
35
28
41
48
32
32
13
31
44
40
45
31
39
37
24
18
18
14
45
44
43
35
3
2
3
50
28
37
14
34
14
29
1
47
6
48
42
43
47
8
27
35
48
26
14
47
21
50
16
47
35
20
20
27
42
29
45
42
16
9
19
41
43
12
42
2
39
34
37
20
6
26
13
4
11
30
1
45
22
5
35
12
24
42
50
44
49
5
44
35
26
39
8
22
48
50
5
22
23
34
43
7
42
43
14
23
19
15
34
21
26
9
3
9
9
18
48
34
19
38
1
32
11
18
23
23
5
19
13
47
14
1
8
33
26
23
15
14
17
42
5
49
9
9
41
44
6
40
7
29
30
39
29
40
33
32
28
23
20
48
16
1
43
41
20
31
7
7
50
10
8
26
35
1
31
50
20
16
31
49
50
48
5
9
49
44
27
50
35
22
22
7
9
1
21
48
1
15
1
6
34
22
30
50
30
40
45
32
27
44
1
36
33
1
1
32
9
14
1
36
36
1
34
13
35
48
5
9
5
23
34
47
37
50
25
45
46
41
6
42
15
26
44
44
48
6
44
19
6
20
34
14
20
21
16
32
7
5
8
18
9
39
11
48
43
20
41
32
22
9
5
14
17
11
38
3
1
50
5
5
15
36
5
7
30
35
9
26
17
5
3
9
14
18
24
25
13
49
10
45
31
30
14
11
47
20
8
2
47
25
33
21
4
36
35
41
35
5
5
17
48
23
8
34
15
6
31
18
45
37
22
20
23
28
50
9
4
32
7
4
8
20
21
29
5
8
5
12
11
19
23
46
26
43
12
41
33
23
46
26
35
12
6
48
42
21
39
30
50
17
15
36
1
23
2
8
43
49
26
19
5
12
37
36
30
7
31
50
37
3
44
3
19
24
50
46
29
26
22
36
12
35
6
5
37
39
8
6
21
4
6
8
35
14
16
6
23
8
11
12
1
14
44
6
22
33
20
15
20
39
23
10
20
35
8
19
50
18
30
33
11
45
26
19
12
23
18
22
28
41
39
18
23
27
34
46
5
41
10
49
27
5
23
26
32
15
17
25
9
24
27
11
13
23
12
24
50
12
5
45
30
34
27
40
10
45
11
15
14
17
42
30
1
2
7
48
44
39
26
26
31
26
34
22
13
26
35
21
2
12
35
26
5
25
22
16
12
20
22
13
1
34
29
14
7
24
28
8
18
14
5
36
37
3
36
1
26
41
23
47
13
36
35
8
30
28
23
19
7
26
9
47
21
32
45
15
48
11
11
43
30
21
12
39
37
7
36
17
14
37
7
12
10
29
47
39
1
9
21
41
30
50
35
1
48
42
25
16
34
35
15
15
19
47
35
44
1
44
32
20
40
13
23
41
29
33
35
38
10
5
37
12
41
41
26
43
9
11
24
34
49
33
43
2
32
5
42
23
13
36
13
34
29
35
32
18
30
45
42
28
3
26
16
19
12
9
12
27
1
9
29
44
36
25
31
49
44
40
20
42
8
19
23
35
42
23
14
44
2
16
18
23
42
21
3
42
42
15
1
13
21
4
6
23
31
32
17
35
45
16
18
35
11
42
27
11
3
13
23
3
13
13
11
34
26
50
21
18
35
5
7
50
7
39
15
23
25
49
14
9
14
46
15
24
14
32
24
13
34
23
32
5
1
16
29
13
14
40
17
50
31
6
50
21
37
23
44
8
34
5
21
22
35
46
7
23
17
21
47
26
4
47
47
40
1
35
28
41
26
47
48
20
1
32
43
1
5
12
39
38
21
31
23
26
17
14
23
14
5
35
47
36
38
24
34
2
29
12
4
48
44
11
1
33
50
33
10
39
6
36
38
34
6
32
40
22
26
23
36
2
25
29
10
18
30
25
32
29
8
16
3
42
18
2
2
48
27
3
22
8
4
10
35
43
42
18
23
2
48
33
23
16
49
36
32
36
15
22
6
26
44
45
23
35
45
39
26
35
26
48
42
5
17
47
39
23
36
30
13
42
43
29
5
47
38
32
2
24
49
35
46
21
38
8
26
24
19
20
18
50
41
7
35
7
39
21
11
16
22
38
15
41
22
11
7
16
21
44
14
44
35
9
20
48
1
32
44
21
18
45
18
36
42
43
15
12
36
49
42
29
45
42
33
20
13
48
14
39
24
21
19
49
25
27
47
29
8
40
30
21
39
11
24
50
47
29
3
2
20
23
46
26
4
18
22
19
14
37
25
6
32
24
41
42
2
19
39
1
3
35
23
41
15
19
36
32
20
45
13
18
12
30
29
29
15
46
46
44
29
43
1
44
15
13
22
27
9
14
39
6
48
30
36
13
15
5
18
47
16
26
10
20
24
43
22
35
23
33
43
24
48
42
21
40
32
29
50
14
8
26
19
50
46
17
50
20
22
37
14
33
38
28
6
30
45
21
48
45
47
3
28
30
7
47
47
44
30
7
33
42
41
12
11
9
8
5
4
48
28
35
26
45
47
22
41
48
9
6
20
36
16
14
5
30
19
40
40
35
48
29
10
17
13
37
9
7
21
31
25
18
2
36
26
8
39
35
40
23
22
9
22
25
45
16
25
5
34
18
35
36
38
22
5
4
15
13
42
34
31
42
50
8
10
37
42
45
11
22
8
14
45
47
14
22
43
26
1
1
27
8
23
46
10
18
14
20
41
42
15
29
4
5
7
18
4
32
33
43
18
7
27
1
10
46
25
13
47
42
14
34
27
50
40
18
41
40
31
33
21
49
36
28
45
40
25
13
3
31
20
9
8
37
7
50
48
44
34
1
39
2
45
16
46
24
27
47
20
29
24
19
21
3
11
41
19
47
26
4
40
45
13
3
10
5
45
43
12
6
28
44
48
1
1
9
41
44
35
6
7
21
35
14
10
35
41
4
40
50
49
35
2
4
10
12
43
5
12
33
45
41
4
24
32
1
8
26
5
35
27
41
13
24
20
25
34
21
38
33
31
16
15
3
30
23
37
38
11
4
46
20
25
49
15
48
9
33
26
19
14
50
11
5
35
8
34
29
20
17
50
49
33
5
21
39
46
14
40
13
15
3
12
24
22
22
47
5
32
22
40
45
3
41
6
41
14
19
25
27
45
49
18
1
23
5
42
1
29
43
4
6
32
46
18
43
39
11
11
29
15
12
4
8
28
48
22
42
35
1
9
41
29
10
30
9
2
34
39
48
40
18
34
18
35
39
26
3
22
34
16
22
30
35
4
31
9
12
5
14
50
21
16
23
46
33
10
47
5
20
45
19
33
25
34
49
13
13
5
48
11
48
40
2
32
23
14
7
50
14
37
32
1
26
24
16
21
29
7
47
12
8
44
36
5
44
1
3
12
1
16
39
9
46
18
36
44
5
7
14
35
50
4
41
12
31
4
41
9
12
6
48
41
36
18
41
14
47
5
17
29
44
41
13
12
31
17
3
15
21
49
29
12
4
10
14
22
50
6
13
36
12
30
34
8
50
30
33
9
4
18
24
43
14
49
4
39
47
7
5
1
38
11
45
44
2
42
16
18
21
19
34
4
1
34
13
42
23
1
42
7
47
39
45
18
3
23
18
20
9
29
1
3
25
29
32
38
40
47
25
35
8
21
46
22
25
9
19
1
48
18
31
35
47
39
47
8
39
16
42
27
35
39
30
29
3
21
29
38
28
44
11
13
36
7
42
36
45
20
33
27
50
11
32
12
8
3
23
3
33
16
5
21
15
48
37
4
4
47
8
35
29
42
1
45
8
30
26
18
23
23
45
10
2
40
43
12
38
8
47
44
48
25
5
21
30
30
48
5
18
41
48
37
23
19
13
16
21
18
31
7
20
7
13
29
42
34
44
44
25
1
15
28
11
46
8
22
47
23
6
29
1
20
36
22
42
34
47
23
41
49
50
34
49
6
34
37
30
24
9
9
13
20
47
4
43
27
43
32
44
32
1
24
14
46
31
33
39
48
23
40
35
44
13
23
45
28
18
8
39
8
7
23
48
50
9
13
39
28
26
18
26
23
1
36
20
29
21
50
15
10
45
30
43
49
44
11
19
33
50
1
41
26
9
46
23
7
36
26
36
42
24
9
25
1
36
2
44
42
17
30
22
25
21
17
27
7
17
4
7
50
47
32
43
43
36
44
29
31
1
33
31
10
49
17
18
18
1
47
49
25
2
23
9
10
25
8
40
43
