10
11
20
48
30
47
3
6
7
46
48
17
48
34
9
39
36
44
11
19
6
24
16
46
8
25
9
48
32
30
14
45
20
3
35
23
4
21
36
21
28
45
37
32
1
39
38
5
30
24
37
38
7
45
45
30
9
3
11
37
49
19
43
30
42
21
47
9
25
24
13
34
40
47
15
20
4
8
7
37
32
29
15
35
32
17
22
12
8
10
41
18
2
9
42
47
44
5
28
45
36
20
3
42
38
11
23
40
44
33
36
21
46
30
23
38
34
47
49
16
26
48
5
3
38
23
27
29
48
34
2
25
6
21
43
18
29
32
9
32
47
39
26
26
44
15
33
30
37
2
19
25
9
17
19
10
27
20
3
19
5
12
39
7
2
6
9
7
21
23
9
6
30
8
6
20
38
46
7
23
36
12
44
16
45
14
34
10
36
4
36
15
23
46
14
49
11
20
4
29
34
42
27
29
33
35
32
47
19
6
8
12
3
45
10
43
26
18
48
42
49
14
41
35
13
21
35
16
42
20
30
21
48
4
44
46
1
6
39
42
14
21
1
33
43
28
47
30
35
23
5
15
22
42
16
27
5
13
40
12
17
34
46
10
42
12
39
2
32
24
48
43
14
36
49
21
49
35
30
47
50
14
49
9
31
9
32
21
17
41
40
3
9
32
11
41
42
22
33
21
48
38
22
15
45
2
50
9
7
18
9
50
40
9
48
18
49
50
38
29
7
45
15
23
3
26
28
22
7
19
21
28
47
23
28
34
19
22
21
49
36
20
4
4
34
23
31
18
32
32
15
15
7
50
26
30
46
8
28
14
48
48
45
17
15
33
35
3
9
11
43
27
37
47
45
25
5
2
38
19
47
15
13
23
16
33
16
14
2
35
24
36
40
4
2
4
6
43
50
25
25
11
29
7
8
16
47
1
3
48
20
39
37
24
36
14
2
27
27
21
42
30
26
18
13
8
42
35
15
17
9
47
12
8
1
49
30
44
29
10
16
10
31
43
11
47
7
37
46
40
42
46
41
39
15
50
24
13
44
35
44
27
38
17
15
17
10
3
46
34
26
19
47
14
36
14
15
27
8
40
41
1
2
42
42
35
10
2
13
35
46
12
31
38
10
2
49
28
22
12
35
8
41
20
6
20
41
13
33
17
6
35
2
19
23
4
48
39
21
46
2
4
42
9
29
14
11
9
19
35
2
20
11
41
23
3
42
45
18
3
35
45
32
41
50
47
47
30
3
21
43
29
32
23
22
9
24
47
31
30
36
22
49
8
23
21
8
3
41
25
8
13
19
30
39
31
1
16
34
17
45
23
33
13
49
42
42
13
3
9
36
38
47
2
9
32
10
14
13
22
18
23
5
17
9
41
34
39
6
25
19
49
18
6
39
10
48
9
14
14
20
17
36
35
13
1
41
34
50
5
25
24
20
46
43
27
43
38
21
6
27
7
16
41
37
37
13
45
45
24
27
45
10
35
28
41
48
32
32
13
31
44
34
45
31
4
37
24
41
18
14
45
44
43
35
3
2
3
50
28
37
14
34
14
29
11
47
40
48
9
43
47
22
45
35
48
26
14
47
21
50
16
47
35
20
20
27
42
13
45
13
22
9
19
41
43
12
46
2
39
34
15
20
6
26
13
46
11
30
29
45
22
48
35
12
24
6
50
44
40
5
17
35
26
39
8
22
48
50
5
22
29
34
43
7
13
43
14
50
19
15
34
21
26
38
3
9
9
18
13
34
19
38
29
32
50
18
23
23
5
19
13
47
14
1
8
33
26
23
15
14
17
42
5
49
9
9
41
44
6
40
7
29
30
39
29
40
33
32
28
23
20
48
16
1
43
10
20
31
7
7
50
10
8
26
27
1
31
50
20
16
31
34
50
48
5
9
49
6
27
50
35
22
22
7
38
13
21
48
1
15
50
6
34
9
50
50
30
40
45
32
46
44
1
8
33
1
4
32
9
14
29
36
6
22
34
13
35
48
5
9
5
23
25
47
37
50
25
45
45
41
6
42
15
28
44
44
48
6
44
19
6
20
34
14
20
21
21
32
7
21
8
18
9
4
11
48
43
20
41
19
9
13
5
47
17
11
38
3
30
50
5
5
15
36
5
7
30
19
9
20
17
28
3
9
14
18
24
25
13
49
10
45
17
30
14
11
47
6
8
2
47
25
33
21
39
36
35
41
35
5
5
19
48
23
8
13
15
6
31
18
45
37
22
20
23
28
50
38
4
32
7
4
8
20
21
29
34
8
10
12
11
48
23
46
26
43
12
41
33
23
46
42
35
12
6
48
42
21
4
30
50
33
15
36
1
23
2
8
43
49
21
19
19
12
37
36
30
7
31
50
37
3
44
3
19
24
50
46
29
26
22
36
12
8
6
5
37
39
8
6
21
4
2
8
35
8
16
6
9
8
11
12
30
14
44
6
22
33
20
15
24
39
23
41
20
35
8
19
13
18
30
33
11
45
13
19
12
23
18
22
28
41
1
26
23
27
34
46
33
41
10
49
45
19
23
26
32
15
17
9
38
34
27
4
13
23
12
24
28
12
5
45
30
34
27
40
41
45
11
13
32
17
42
30
4
2
7
48
44
39
26
26
31
26
34
22
13
26
35
21
2
12
35
26
5
25
22
16
12
20
13
13
1
9
29
14
7
24
28
8
18
14
31
36
37
3
36
1
26
41
23
47
13
36
35
15
50
7
23
46
7
26
9
21
21
32
27
15
48
11
11
43
30
21
12
1
37
7
36
17
14
37
7
12
10
29
47
39
42
9
21
41
30
50
35
29
48
42
25
16
34
35
15
15
47
47
27
44
1
44
21
20
40
13
23
41
4
33
35
38
10
48
37
12
41
41
26
43
30
11
24
34
49
33
43
2
32
19
42
30
13
36
13
34
50
35
32
18
9
45
42
28
3
43
16
19
12
9
12
37
29
13
29
44
24
25
31
49
44
40
24
42
8
19
23
46
42
23
32
44
2
16
18
23
45
21
3
42
11
15
1
13
21
4
39
23
43
32
17
13
45
16
18
41
11
21
27
11
3
13
23
3
13
13
30
34
26
50
21
18
35
5
7
50
7
34
15
23
25
49
14
9
14
46
15
24
14
32
24
13
34
23
32
5
13
16
35
13
14
40
26
50
31
6
50
21
37
23
44
34
34
19
21
22
35
46
26
23
43
21
47
26
4
47
21
40
1
35
28
46
8
47
48
20
1
32
43
1
5
12
39
38
21
31
23
26
17
14
23
14
5
35
47
25
17
24
34
2
29
12
4
48
44
11
48
20
34
33
10
39
10
36
38
34
6
32
34
22
26
23
36
2
13
29
10
18
30
13
32
34
8
16
3
13
18
2
2
48
27
3
22
8
4
10
35
43
42
18
23
2
48
33
23
16
49
24
32
7
15
22
6
26
44
45
22
35
45
39
18
26
26
48
42
5
17
47
39
23
25
30
13
42
43
29
43
47
38
32
2
24
49
35
46
21
38
8
26
24
19
20
18
50
41
7
35
7
39
21
30
21
22
38
15
41
9
14
7
3
21
44
14
44
4
9
20
48
1
32
44
21
17
45
18
36
42
43
15
12
36
49
42
29
45
42
33
20
13
48
14
45
24
21
19
49
25
27
47
29
8
40
13
21
2
11
24
50
47
13
3
2
41
23
46
26
4
18
49
19
14
37
25
6
32
2
41
42
2
19
39
50
3
35
23
41
15
19
36
32
20
45
13
18
12
30
29
12
15
46
46
44
50
43
1
44
15
13
22
27
38
14
39
42
48
30
36
13
13
5
18
47
47
50
10
20
15
43
23
35
23
33
43
24
48
42
21
40
32
29
50
14
8
26
14
50
46
3
50
20
22
46
14
33
38
28
6
50
45
21
13
45
47
3
28
30
7
47
47
44
30
7
33
13
46
12
11
9
8
12
4
7
28
35
26
45
47
22
41
48
9
6
20
9
21
14
5
30
19
40
40
2
48
29
10
43
13
15
9
7
21
31
25
18
2
36
26
8
8
41
40
23
22
9
22
25
45
21
25
5
34
18
35
36
29
22
33
4
15
13
42
34
31
42
50
8
10
37
42
45
41
22
8
14
45
47
14
22
43
26
1
1
27
8
23
46
10
18
14
20
41
42
15
29
4
7
7
18
4
32
33
43
18
7
16
4
10
46
13
13
47
42
14
26
27
50
40
21
41
40
31
33
21
49
26
28
45
40
25
13
3
31
7
9
8
37
7
50
48
44
34
42
39
2
45
16
46
24
45
47
20
29
24
10
1
3
11
41
19
47
26
4
13
45
13
3
10
5
45
43
12
6
9
44
48
1
29
9
41
44
4
7
7
21
35
14
10
37
41
4
40
50
49
35
2
4
10
12
43
28
12
19
45
41
4
9
32
1
8
26
5
6
27
10
13
24
20
25
9
21
28
47
31
16
15
3
30
40
37
38
11
4
27
5
25
49
15
48
9
33
30
19
14
13
11
5
16
8
34
29
20
33
50
49
33
5
21
39
46
14
40
13
15
3
12
24
13
26
47
5
32
29
40
45
3
10
6
41
14
19
25
45
45
49
18
1
29
24
8
9
29
43
4
6
32
46
18
43
39
11
11
29
15
12
4
8
28
48
22
42
35
1
9
41
29
21
9
9
2
34
4
48
40
18
13
18
35
12
13
3
22
34
16
22
30
35
4
31
9
12
5
14
50
21
16
23
21
33
10
47
5
20
45
19
33
50
34
49
15
13
5
19
11
48
40
2
32
23
14
7
23
42
37
33
1
26
24
12
21
29
7
47
12
21
44
36
12
44
1
3
12
39
16
1
9
46
18
36
44
5
7
14
35
50
4
41
12
31
4
41
9
12
6
48
41
36
18
41
14
47
43
17
50
44
41
13
12
31
33
3
15
21
49
29
12
4
10
14
22
29
6
13
34
18
2
34
8
50
30
33
9
4
18
24
43
14
49
4
39
47
7
5
1
38
11
45
44
2
42
16
18
21
19
34
4
30
34
13
42
23
1
42
7
21
39
45
18
12
13
3
20
9
29
9
3
25
1
32
38
40
47
25
35
8
41
46
34
25
9
19
1
48
18
31
35
47
6
47
8
39
16
13
27
19
39
30
13
3
21
50
38
28
44
11
13
30
7
42
25
45
43
33
27
50
11
32
12
13
3
23
3
43
16
48
21
15
48
37
4
4
19
8
35
50
42
1
45
8
30
26
41
23
23
45
41
2
40
43
12
30
30
47
44
48
25
5
21
15
30
48
48
18
41
21
37
42
19
13
16
21
18
31
7
20
7
13
13
42
34
44
44
25
12
15
28
22
46
8
18
47
23
6
29
41
20
34
22
42
34
47
23
41
49
50
34
49
8
34
37
13
24
9
9
13
20
47
4
43
27
43
32
44
32
1
24
8
46
31
33
39
48
14
40
35
44
13
50
45
28
18
8
39
4
7
23
48
50
9
13
39
28
26
18
26
23
48
36
20
29
21
50
15
10
47
30
43
28
44
11
19
33
50
1
21
26
9
46
22
7
30
19
36
42
24
9
25
1
36
2
44
42
43
30
22
25
21
44
27
7
33
4
7
15
47
33
43
43
26
44
29
31
1
33
31
10
49
17
18
18
1
47
18
25
2
50
9
10
25
8
40
43
