41
1
8
30
47
3
20
7
46
48
17
14
34
9
39
36
11
19
31
16
46
6
25
48
32
50
45
19
5
35
23
46
21
36
29
37
32
11
38
30
24
37
38
38
3
45
27
9
19
43
30
42
47
7
34
28
36
50
4
8
38
32
50
15
35
19
17
50
12
10
18
18
9
47
44
28
45
36
20
3
38
30
40
44
32
36
46
7
38
34
46
48
5
19
38
27
50
34
2
25
44
43
18
4
18
32
39
26
44
25
33
30
35
25
9
17
19
18
45
3
20
5
12
7
2
6
9
28
8
23
6
48
8
6
38
40
36
5
44
16
45
4
34
10
4
36
15
50
46
14
7
11
29
6
42
27
29
33
35
41
47
6
8
3
26
6
42
49
14
35
35
32
18
35
19
42
20
30
21
48
44
46
6
39
42
14
21
1
32
17
30
38
50
5
25
22
42
16
45
5
13
40
12
34
46
10
42
12
39
2
32
1
7
31
24
49
49
35
30
47
28
14
9
9
31
9
32
21
33
41
3
25
35
11
21
42
22
48
15
45
2
50
9
7
18
9
50
6
28
28
7
45
5
26
28
22
7
32
21
28
6
23
29
34
19
8
21
6
20
4
4
36
31
18
32
32
22
50
29
29
1
28
32
28
1
45
47
15
33
35
3
9
11
43
27
47
45
26
2
2
18
19
47
25
20
29
47
14
35
24
41
20
26
31
50
36
18
28
8
47
1
3
48
39
26
28
14
7
27
42
11
26
18
13
8
42
25
17
28
47
12
8
23
49
30
44
10
16
32
31
1
37
46
40
46
41
15
50
24
13
44
44
38
17
33
10
3
46
34
36
19
47
14
36
14
24
8
40
10
2
38
42
35
10
2
22
20
46
12
31
18
10
18
22
22
35
30
41
20
6
20
13
6
35
28
19
30
42
26
39
32
46
2
4
42
9
29
14
35
2
20
11
14
23
5
25
42
41
47
45
32
41
50
21
47
30
3
21
43
29
32
23
22
9
24
47
31
30
36
49
8
23
8
18
4
25
13
19
4
31
1
16
34
17
45
23
9
34
6
3
9
36
38
47
9
26
10
14
25
22
18
5
17
22
7
39
6
25
49
18
7
39
10
48
9
14
14
17
36
35
13
12
41
34
50
25
24
6
26
43
45
43
9
21
25
37
28
16
45
37
37
2
45
45
24
45
19
35
28
41
29
32
32
44
40
45
39
29
24
41
45
44
43
19
2
3
50
28
22
17
26
14
29
6
48
47
25
45
35
26
14
21
16
47
35
34
20
2
29
45
28
16
9
19
41
43
12
46
18
42
34
37
20
14
13
46
11
30
1
26
22
5
35
12
24
6
50
44
28
5
44
35
26
39
8
22
48
5
22
29
34
43
28
14
43
14
19
26
28
3
9
50
18
7
19
22
38
35
50
18
23
23
5
19
13
14
1
8
27
26
23
37
14
17
42
5
9
9
41
44
49
7
30
1
38
40
33
28
23
20
48
16
1
43
41
20
31
41
8
26
42
31
50
16
31
40
28
5
49
50
35
22
22
7
9
9
10
13
50
34
26
50
40
47
46
44
1
6
33
1
9
14
24
6
34
13
35
48
5
28
5
47
37
50
24
45
4
41
6
42
9
22
44
44
48
44
41
6
20
36
20
21
16
18
7
21
8
41
9
39
11
20
41
21
9
5
18
17
11
38
3
30
50
5
36
5
38
28
19
9
50
3
9
18
24
25
13
10
31
36
11
47
43
25
33
21
39
25
19
32
5
5
17
22
23
23
13
15
6
31
18
45
37
22
20
19
28
9
4
32
38
4
21
20
29
34
8
11
46
23
46
12
41
23
46
26
12
21
34
50
33
25
36
23
2
31
49
26
19
19
37
36
42
48
7
37
44
19
24
50
46
12
22
12
35
6
42
39
8
6
21
4
2
8
35
8
12
6
8
8
11
26
14
44
6
22
33
48
20
36
10
35
8
18
5
22
45
46
23
10
22
28
41
39
18
34
27
34
46
5
10
49
45
5
50
26
35
15
17
25
38
34
27
4
24
2
24
50
5
45
30
34
27
40
45
11
13
36
17
42
2
48
44
39
26
26
26
22
13
26
35
21
26
12
35
26
5
25
2
16
12
20
22
25
29
14
7
24
8
18
14
37
3
36
1
2
41
3
13
36
35
25
25
28
19
7
9
47
32
27
15
11
11
43
31
12
39
37
7
34
36
37
12
29
47
42
9
21
30
50
48
42
25
16
34
35
15
15
47
27
25
44
32
20
40
34
21
12
46
38
10
5
37
12
43
17
11
24
34
49
33
43
2
32
5
42
50
13
36
13
34
29
35
18
9
45
28
43
16
19
12
9
50
9
29
44
36
31
49
24
20
42
50
26
16
42
23
32
44
2
18
23
42
31
11
26
1
4
6
31
32
35
16
18
41
11
21
27
11
3
13
23
3
13
13
11
26
21
36
35
28
7
37
7
34
15
25
49
14
9
14
15
24
14
24
13
23
32
5
11
16
29
42
14
40
26
50
49
8
37
23
44
22
34
5
21
35
4
28
23
33
21
47
4
47
47
40
1
35
28
41
48
20
4
32
43
1
5
39
38
21
23
8
17
14
23
5
35
25
24
34
2
11
4
7
44
7
20
50
10
39
10
38
34
6
32
34
22
25
29
18
38
29
41
21
3
13
18
18
34
48
27
3
22
4
10
35
43
42
18
23
37
47
33
23
16
49
24
32
15
15
44
45
49
35
45
39
35
15
42
5
17
47
39
23
36
30
30
1
31
47
47
32
2
7
49
35
46
21
38
11
26
24
19
20
18
50
41
7
35
7
39
21
28
21
22
38
15
41
22
14
7
16
21
44
14
44
35
9
20
48
6
32
44
21
45
36
42
43
15
12
36
49
8
29
45
42
33
13
28
14
24
8
42
49
45
47
40
13
21
2
11
34
50
47
50
3
2
20
23
46
28
4
21
9
19
14
37
6
32
2
41
16
2
6
50
12
14
15
19
36
32
20
45
13
18
12
25
50
29
13
46
20
29
43
1
7
27
38
14
7
23
24
13
13
5
18
47
16
26
10
31
28
43
22
35
23
33
43
36
18
42
40
32
29
14
8
26
19
50
45
31
22
8
2
38
28
6
50
45
28
45
47
5
7
47
44
29
7
42
41
12
11
9
8
16
4
9
28
35
26
45
24
22
41
48
9
26
33
36
21
14
5
30
19
40
40
48
29
41
28
37
9
21
31
18
2
36
39
41
40
23
50
9
22
44
45
47
15
5
34
18
35
1
29
22
4
15
13
42
31
10
37
47
45
11
8
47
14
22
27
8
23
46
10
18
14
20
41
42
15
4
20
28
18
39
32
33
18
36
16
1
46
25
13
47
14
26
45
50
40
41
40
31
33
21
49
18
28
45
40
3
31
36
8
37
7
50
44
34
1
39
2
45
16
46
24
45
47
20
50
24
42
1
11
6
47
26
4
45
9
10
5
45
43
12
28
25
1
9
42
44
4
21
10
37
41
4
28
49
35
2
4
10
43
49
12
20
45
41
4
9
32
17
8
26
5
35
45
41
26
24
20
25
21
31
31
16
15
40
2
38
39
45
20
7
15
40
33
19
18
42
31
12
8
34
49
20
17
29
34
32
5
39
46
40
15
22
35
12
26
47
28
3
10
6
41
14
19
25
45
49
18
5
46
16
43
4
32
32
45
18
43
39
23
29
26
47
4
8
36
11
28
10
9
9
2
30
40
18
6
18
35
12
13
31
34
16
22
30
4
31
18
5
14
50
21
16
23
21
26
10
5
20
45
2
17
2
13
30
11
40
2
32
23
7
14
37
32
49
36
16
21
47
12
21
44
36
47
44
1
3
44
16
18
46
36
44
5
26
35
45
12
31
6
41
29
6
7
21
36
18
41
14
47
31
44
41
16
12
31
33
3
21
49
29
12
4
36
14
22
29
6
13
50
12
25
8
30
19
9
4
18
24
43
50
4
39
47
24
5
4
38
11
42
44
2
42
16
18
21
19
34
4
23
34
1
1
42
7
47
45
18
11
18
20
9
29
3
25
1
23
9
40
47
25
35
8
41
45
34
25
38
19
1
21
31
18
39
47
8
39
42
27
19
39
48
29
3
21
22
38
28
44
11
13
8
7
25
45
43
27
29
32
8
21
50
43
16
5
21
24
48
35
4
4
47
16
50
45
8
30
26
23
50
45
10
2
40
43
12
38
6
47
44
14
5
21
15
48
48
48
18
10
36
19
13
16
21
31
7
20
2
13
25
42
36
44
44
25
12
28
22
46
8
22
31
50
42
20
3
42
34
47
23
12
49
50
34
49
21
34
37
24
9
9
13
20
17
43
42
17
32
44
1
17
39
32
23
40
32
44
28
50
45
28
18
8
4
7
23
9
13
39
28
26
18
26
49
48
36
43
29
50
15
25
1
31
44
11
33
50
41
26
9
46
28
1
40
19
41
24
9
24
2
42
43
30
22
25
27
7
19
4
7
9
32
31
31
24
44
38
20
1
33
31
41
49
17
18
21
1
47
18
44
2
50
10
25
8
40
43
