41
11
20
8
2
47
3
20
7
46
48
48
26
33
9
39
36
6
11
19
6
24
16
46
8
25
9
48
32
15
50
45
20
3
35
23
46
21
7
21
28
45
37
32
1
39
38
5
6
24
37
38
7
27
45
38
9
3
26
37
49
19
43
37
42
21
47
9
36
1
7
34
40
47
15
20
4
8
7
37
32
42
15
35
32
17
22
12
8
10
10
18
6
9
42
47
44
5
28
42
36
20
3
42
9
11
23
40
44
33
36
21
46
30
23
38
34
46
49
16
26
48
5
3
9
23
27
29
28
34
2
25
6
21
43
18
21
20
9
18
32
39
42
28
44
25
33
30
37
35
19
25
9
17
19
22
27
20
3
17
5
12
39
7
14
6
9
7
21
23
9
42
48
8
6
20
38
46
7
23
36
12
44
16
45
14
34
10
16
4
36
15
23
46
14
7
11
6
4
29
7
42
27
29
31
35
32
47
19
6
8
19
3
42
10
43
26
18
48
42
49
14
35
35
13
18
35
16
42
20
42
21
7
4
44
46
1
11
39
42
14
21
1
33
17
28
47
30
35
22
5
25
22
42
16
27
5
13
20
12
17
34
46
10
42
12
39
2
32
24
7
43
14
36
49
21
49
35
30
47
23
14
49
9
31
9
32
21
17
41
40
3
9
37
11
41
42
22
33
21
48
9
22
15
45
2
50
9
7
18
7
50
6
9
48
28
49
29
38
8
7
45
15
23
3
26
28
22
7
19
21
28
47
23
29
29
19
22
21
49
36
20
4
4
34
23
31
18
32
32
15
37
7
50
26
30
46
8
37
32
42
28
45
17
15
33
35
3
9
11
43
27
37
47
45
26
2
2
18
5
47
15
13
23
16
17
16
14
2
17
24
36
40
4
2
20
6
31
50
15
25
1
37
7
8
16
47
4
3
48
20
39
35
24
36
14
2
27
27
21
16
42
26
18
42
8
42
35
15
17
9
47
12
8
4
49
8
44
29
10
16
10
31
31
1
47
28
37
46
40
42
46
41
39
15
23
24
13
44
35
44
27
38
17
15
17
10
3
46
34
26
19
47
14
36
14
22
27
8
40
41
15
2
42
42
35
10
2
22
35
46
49
31
38
10
2
49
28
22
22
35
8
41
20
6
20
41
15
33
17
28
35
7
19
23
42
48
42
32
46
2
46
42
9
29
14
11
9
19
35
2
20
11
14
23
5
42
42
41
3
35
45
32
41
4
47
47
30
3
21
43
29
32
46
22
9
24
47
31
30
36
22
49
8
23
21
8
3
37
25
8
42
19
30
39
31
1
16
37
17
45
23
33
13
49
34
42
13
3
9
36
38
47
42
9
26
10
14
50
22
4
23
31
17
9
41
48
39
6
25
19
49
47
7
39
10
48
9
14
14
20
17
36
35
13
12
20
34
50
5
25
24
41
46
43
27
43
9
10
36
27
7
6
41
37
37
13
45
45
24
27
45
10
35
28
10
48
32
32
13
47
44
34
45
31
4
37
7
41
37
14
45
44
43
35
3
2
3
50
28
37
17
34
11
29
8
47
40
48
9
26
47
8
27
35
48
26
14
47
21
50
16
47
35
20
26
27
42
29
45
8
16
9
19
35
43
12
46
2
39
34
6
20
6
26
13
4
11
30
1
26
22
5
35
12
24
42
50
44
28
5
44
35
26
39
8
22
48
50
5
22
23
34
43
7
6
43
14
23
19
15
34
21
26
38
3
9
9
2
7
34
19
38
29
32
50
18
23
23
5
19
13
47
14
1
8
33
26
6
37
14
17
42
5
49
9
9
10
44
7
40
7
29
30
39
29
40
33
32
28
23
20
48
16
29
17
10
20
31
7
7
50
10
8
26
35
1
31
50
20
16
31
28
50
48
5
9
49
36
27
50
35
22
22
7
38
9
46
48
1
15
50
6
34
7
8
50
25
40
45
33
27
44
1
16
33
1
4
32
9
14
29
2
6
22
34
13
35
48
5
28
5
23
34
47
37
50
25
2
46
41
6
42
9
26
44
44
48
6
44
19
6
20
34
14
20
21
16
32
7
21
8
18
9
39
11
48
43
20
41
19
9
22
5
47
17
11
38
3
23
50
5
5
15
36
5
22
28
19
9
26
17
50
3
9
14
18
24
25
13
49
10
45
17
26
14
11
47
6
8
2
47
7
33
21
39
25
19
10
32
5
5
17
48
23
11
20
15
6
31
19
45
37
22
20
23
28
12
9
4
32
7
4
8
20
21
29
24
8
5
12
11
46
23
46
42
43
12
41
33
23
46
26
35
12
6
48
42
21
4
30
50
33
15
36
1
23
2
8
43
49
5
19
19
37
37
36
42
7
31
50
37
3
44
3
19
24
50
46
37
26
22
36
19
35
6
5
37
39
8
6
21
4
2
8
35
14
16
6
9
8
11
12
1
14
44
6
22
33
20
15
20
39
23
10
20
35
8
19
50
18
48
33
40
45
22
6
12
23
10
22
28
41
39
18
23
27
34
46
20
41
10
49
27
19
23
12
20
15
17
25
38
34
27
4
13
23
12
24
50
12
5
45
30
34
27
40
10
45
11
13
17
17
42
30
4
2
7
48
44
39
26
26
31
26
34
22
13
26
35
21
26
12
35
26
5
25
22
16
12
20
22
13
1
34
29
14
7
24
28
8
18
14
31
36
37
3
36
1
26
41
3
47
13
36
35
8
50
28
23
19
7
22
9
47
21
32
6
15
48
11
11
43
30
16
12
4
37
28
36
17
14
37
7
12
10
29
47
39
42
9
21
41
30
50
35
37
48
42
25
16
34
35
15
15
47
47
35
44
1
44
33
20
40
13
23
10
29
33
35
38
10
48
37
12
41
13
26
43
17
11
24
34
49
33
43
2
32
5
42
23
13
36
13
34
29
35
33
18
9
45
42
28
3
26
16
19
12
9
12
37
1
9
29
44
36
25
31
49
44
40
20
42
50
19
23
35
42
23
11
44
2
16
18
23
42
21
3
42
11
10
42
13
21
4
39
50
31
32
17
13
45
16
18
41
11
21
27
11
3
13
23
3
13
13
11
34
26
42
21
18
35
5
7
37
26
34
15
8
25
49
14
9
14
46
15
24
14
32
50
13
34
23
32
5
11
16
35
42
14
40
17
50
27
6
15
21
37
23
44
34
34
5
21
22
35
46
7
23
17
21
47
26
4
47
47
40
1
35
28
46
30
47
22
20
1
32
43
1
5
12
39
38
21
31
23
26
17
14
23
14
5
35
47
10
17
24
34
2
29
12
39
48
6
11
7
20
50
33
10
39
6
36
38
34
6
32
40
22
26
23
25
2
25
29
10
18
18
25
32
29
8
16
3
42
38
2
34
48
27
3
22
8
4
10
35
43
42
18
37
37
48
33
23
16
49
24
6
7
15
22
14
26
44
45
8
35
45
39
8
26
15
48
42
5
17
47
39
23
25
30
2
42
43
29
31
47
38
32
2
24
49
35
46
21
38
46
26
24
19
20
18
50
41
7
35
7
39
47
28
16
22
38
15
41
22
14
49
16
21
44
14
44
35
9
20
48
1
32
44
21
17
4
18
36
42
43
15
12
36
49
42
29
45
42
33
20
13
28
14
45
24
21
19
49
25
27
47
29
8
40
13
21
39
11
24
50
47
23
3
2
20
23
46
26
4
18
22
19
14
37
25
6
32
20
41
42
2
19
39
50
3
35
14
41
15
19
36
32
20
45
13
10
12
30
29
29
15
46
46
44
29
43
1
44
15
7
22
27
38
14
39
6
48
16
36
42
13
5
18
47
16
50
10
20
6
43
22
35
23
33
43
24
48
42
21
40
32
29
50
14
8
26
14
14
46
17
50
20
22
46
14
17
38
28
6
23
45
21
13
45
47
3
28
30
7
47
47
44
30
7
33
42
46
12
11
9
8
12
4
7
28
35
26
45
24
22
41
48
9
31
20
44
16
14
5
30
19
40
40
2
48
29
10
17
28
37
9
7
21
31
25
18
2
36
26
8
8
35
40
23
22
9
22
25
45
16
25
5
34
39
35
36
29
22
33
4
15
13
42
34
31
42
50
8
10
37
42
45
11
22
8
14
45
47
14
22
43
26
11
1
27
8
23
46
10
18
14
20
26
42
37
29
4
20
28
18
4
32
33
43
42
7
16
11
10
46
34
13
47
6
14
36
27
50
40
10
41
40
31
33
47
49
36
28
45
40
25
13
3
31
7
9
14
37
7
50
48
44
34
42
39
2
45
16
46
24
27
47
20
29
24
10
1
3
11
10
6
47
26
4
40
45
34
3
10
5
45
17
12
6
28
44
7
1
29
9
25
25
4
7
7
21
35
14
10
37
10
4
40
50
49
35
42
4
10
12
43
26
12
19
45
41
4
9
32
1
8
10
5
26
27
10
13
24
20
25
34
21
28
31
31
16
15
3
30
40
37
38
11
4
27
5
25
49
15
48
9
33
9
19
14
13
11
31
35
8
34
29
20
17
50
49
33
5
21
39
46
14
40
34
15
3
2
24
13
22
47
5
32
22
40
6
3
10
6
41
14
19
25
27
45
49
17
29
29
5
46
1
16
43
4
6
32
45
18
43
39
23
11
29
15
12
4
8
28
48
22
42
35
11
28
12
6
10
9
9
2
34
4
48
40
18
34
18
35
12
13
3
22
34
16
22
30
35
4
31
9
12
5
14
50
21
16
37
21
33
10
47
5
20
45
19
33
50
34
49
13
42
5
19
11
48
40
2
32
23
14
7
23
14
37
33
49
26
24
12
21
6
28
47
12
21
44
36
12
44
42
3
12
42
16
39
9
46
18
36
44
5
26
14
35
50
4
10
12
31
4
41
9
12
6
48
10
36
18
41
14
47
31
17
50
44
41
13
12
31
33
3
15
21
49
29
12
4
10
14
22
29
6
13
36
12
25
7
8
50
30
33
9
4
18
24
43
14
49
4
39
47
7
5
1
38
11
42
44
2
45
16
18
21
19
34
4
13
34
13
42
16
42
42
7
47
39
45
18
3
26
14
20
9
29
9
3
25
29
32
9
40
47
25
35
8
41
46
22
25
38
19
1
7
18
31
35
47
6
47
8
39
16
42
27
19
39
30
29
3
21
29
38
28
44
11
13
8
7
42
25
45
20
17
27
50
11
32
12
13
3
42
3
33
16
5
21
15
48
37
39
4
19
8
35
50
42
1
45
8
30
26
15
23
4
45
10
2
40
43
12
38
6
47
44
48
25
5
21
30
48
48
48
37
10
21
37
42
19
13
16
21
18
31
7
20
7
13
23
42
34
44
44
25
29
15
30
22
46
8
22
47
28
6
29
8
20
36
22
42
34
47
23
41
49
50
34
49
10
34
37
30
24
9
9
9
20
47
4
43
27
17
47
44
32
1
24
14
46
31
33
39
13
23
40
6
44
28
50
45
28
19
8
39
4
7
23
48
50
9
13
39
7
26
18
26
23
19
37
20
29
21
50
15
25
47
30
43
28
44
11
19
33
50
1
21
26
9
46
42
7
36
19
36
42
24
9
25
1
36
2
44
42
17
42
22
25
47
17
27
7
17
4
7
37
47
47
31
31
36
44
29
31
1
33
31
10
49
17
18
18
1
47
49
25
2
50
9
10
25
8
40
43
