41
1
20
31
2
8
3
6
7
46
48
18
42
33
38
39
36
15
11
19
10
24
31
21
6
37
28
48
32
15
50
45
43
5
35
23
46
16
36
21
28
27
37
37
14
4
38
5
6
24
37
38
36
27
37
28
9
3
37
37
49
5
43
11
11
21
47
9
36
24
13
25
40
47
13
50
4
8
5
37
17
50
15
35
35
18
50
12
14
10
41
10
39
38
21
32
44
5
28
46
36
20
3
45
38
11
30
40
44
33
37
21
46
25
23
38
34
46
49
12
9
5
5
3
38
23
45
29
48
34
49
30
49
18
43
18
50
32
50
47
14
1
20
26
44
30
33
29
37
2
5
25
9
9
5
10
27
20
3
17
5
12
4
49
2
32
15
22
26
2
9
1
48
6
10
33
28
46
7
40
36
5
44
16
27
6
25
41
1
1
36
42
23
46
14
49
11
36
4
29
18
42
27
29
17
22
32
47
14
10
14
5
3
46
10
43
22
18
47
7
49
30
47
35
32
18
35
5
29
20
11
21
7
4
44
46
23
1
39
42
14
21
17
13
17
9
47
30
35
42
5
25
22
42
16
27
5
13
20
12
17
34
46
10
42
12
39
2
32
24
7
43
14
36
49
21
49
35
30
47
23
14
49
9
31
9
32
21
17
41
40
3
9
37
11
41
42
22
33
21
48
9
22
15
45
2
50
9
7
18
7
50
6
9
48
28
49
29
38
8
7
45
15
23
3
26
28
22
7
19
21
28
47
23
29
29
19
22
21
49
36
20
4
4
34
23
31
18
32
32
15
37
7
50
26
30
46
8
37
32
42
28
45
17
15
33
35
3
9
11
43
27
37
47
45
26
2
2
18
5
47
15
13
23
16
17
16
14
2
17
24
36
40
4
2
20
6
31
50
15
25
1
37
7
8
16
47
4
3
48
20
39
35
24
36
14
2
27
27
21
16
42
26
18
42
8
42
35
15
17
9
47
12
8
4
49
8
44
29
10
16
10
31
31
1
47
28
37
46
40
42
46
41
39
15
23
24
13
44
35
44
27
38
17
15
17
10
3
46
34
26
19
47
14
36
14
22
27
8
40
41
15
2
42
42
35
10
2
22
35
46
49
31
38
10
2
49
28
22
22
