31
11
5
50
30
47
3
6
48
46
48
17
25
43
9
39
36
44
11
5
31
24
16
46
8
25
9
48
32
50
50
45
20
5
35
23
46
47
36
21
28
27
37
32
11
39
38
5
30
24
37
38
36
27
27
38
28
3
45
45
24
19
43
50
11
21
47
28
36
24
13
25
40
33
50
50
4
11
30
37
32
50
15
35
2
17
50
12
8
10
41
18
50
9
19
47
44
5
9
45
36
43
3
42
38
50
30
40
44
33
37
21
46
48
23
38
34
3
49
16
28
5
5
3
38
23
45
29
5
34
50
34
6
18
43
18
50
32
50
18
32
39
35
50
44
15
33
50
37
2
19
25
9
17
19
10
27
20
3
5
5
12
39
49
2
33
44
49
26
29
9
4
48
8
16
43
38
46
7
40
36
5
44
16
27
4
34
10
1
1
36
15
23
46
41
49
11
50
39
29
34
8
27
29
43
35
32
47
21
6
8
19
3
45
10
43
26
18
14
50
49
14
50
35
13
18
35
19
11
20
11
21
7
4
44
46
23
11
39
47
14
21
1
33
5
28
47
30
35
45
5
15
22
42
21
27
5
13
40
12
17
34
46
10
39
12
39
2
32
31
48
43
14
24
49
21
49
35
30
47
35
14
49
9
31
9
32
21
33
41
40
3
50
32
11
41
27
22
33
21
48
38
22
15
45
2
50
9
7
32
9
23
6
9
49
50
24
23
50
8
31
27
15
23
5
48
28
28
7
32
21
9
44
23
23
29
19
1
21
49
50
20
39
4
34
50
31
18
32
32
15
37
45
50
29
50
46
8
28
32
50
1
45
47
15
33
35
3
9
11
43
27
37
47
45
25
2
2
18
19
21
15
13
29
16
8
16
14
2
35
24
28
40
4
2
20
44
31
50
15
39
50
50
28
8
50
16
1
3
48
20
39
37
24
36
14
2
27
27
21
30
19
26
18
13
47
19
35
15
32
9
8
12
8
23
49
8
44
29
3
16
10
31
31
1
47
9
37
46
40
45
46
41
39
15
50
24
49
44
35
44
27
38
17
15
33
10
3
46
34
26
19
12
14
36
14
5
27
8
40
10
15
2
29
39
35
41
2
13
20
46
12
31
5
10
2
49
28
22
1
