39
39
39
44
1
4
16
3
10
44
2
39
41
2
2
2
4
39
2
2
3
3
5
3
3
3
3
3
5
3
4
4
4
4
4
4
44
39
4
39
5
5
5
5
5
33
5
5
5
5
6
6
6
37
4
33
10
10
35
39
7
10
3
7
7
7
7
7
7
44
8
8
10
8
8
8
8
10
8
8
9
7
9
9
44
9
9
9
9
9
10
10
10
10
10
10
10
10
10
10
39
4
39
39
8
11
39
4
37
47
19
12
12
19
12
12
19
4
12
12
19
15
37
13
4
15
13
44
50
39
4
14
14
44
19
39
14
14
19
14
15
15
15
15
15
15
15
37
15
15
16
16
27
16
16
16
16
39
16
16
31
17
17
17
48
5
43
17
33
18
18
19
18
18
18
18
8
18
18
18
19
19
19
19
19
19
19
19
19
19
35
20
33
20
20
20
4
20
5
35
21
21
21
21
21
21
21
21
21
21
22
16
10
22
22
46
12
26
44
22
23
23
10
23
23
16
23
23
23
23
24
24
24
24
4
24
24
24
24
44
44
15
25
44
39
23
5
8
23
43
33
26
37
10
39
8
44
26
26
45
27
27
27
27
27
27
27
27
27
27
37
19
28
38
28
44
44
10
44
28
29
4
4
29
4
29
29
20
4
29
39
30
4
18
27
23
15
29
44
15
31
16
31
5
43
43
31
31
19
39
32
33
32
32
35
32
32
33
33
19
33
33
33
33
33
33
33
33
31
33
34
34
34
34
31
34
44
13
39
4
35
35
35
35
35
35
27
35
35
35
36
36
25
36
39
36
39
16
31
44
23
37
27
37
27
37
37
27
27
3
38
38
38
38
38
38
19
38
38
38
39
39
39
39
39
39
39
39
39
39
40
40
40
40
33
40
23
40
40
44
41
35
41
21
41
19
41
41
10
10
47
39
45
10
39
4
42
8
4
16
43
43
43
43
43
43
43
43
43
43
44
44
44
44
39
44
44
44
44
44
45
27
27
45
45
45
45
45
27
45
46
46
21
46
46
46
46
46
46
27
47
47
47
47
47
47
47
47
47
5
5
5
19
4
44
48
7
38
39
5
39
44
49
49
49
39
49
49
49
44
50
50
45
50
15
50
50
50
35
50
